b =

   1.0e-03 *

    0.4734   -0.1213    0.4621    0.4621   -0.1213    0.4734


a =

    1.0000   -4.3814    7.8967   -7.3011    3.4584   -0.6711

diary off
