b =

     1     6    15    20    15     6     1


a =

    1.0000   -5.8369   14.2394  -18.5830   13.6826   -5.3891    0.8870

diary off